              precision    recall  f1-score   support

           A       1.00      1.00      1.00       229
           B       1.00      1.00      1.00       209
           C       1.00      1.00      1.00       202
           D       1.00      1.00      1.00       219
           E       1.00      1.00      1.00       191
           F       1.00      1.00      1.00       230
           G       1.00      1.00      1.00       227
           H       1.00      1.00      1.00       204
           I       1.00      1.00      1.00       200
           K       1.00      1.00      1.00       210
           L       1.00      1.00      1.00       212
           M       1.00      1.00      1.00       210
           N       1.00      1.00      1.00       221
           O       1.00      1.00      1.00       211
           P       1.00      1.00      1.00       219
           Q       1.00      1.00      1.00       298
           R       1.00      1.00      1.00       210
           S       1.00      1.00      1.00       213
           T       1.00      1.00      1.00       211
           U       1.00      1.00      1.00       210
           V       1.00      1.00      1.00       213
           W       1.00      1.00      1.00       212
           X       1.00      1.00      1.00       245
           Y       1.00      1.00      1.00       211

    accuracy                           1.00      5217
   macro avg       1.00      1.00      1.00      5217
weighted avg       1.00      1.00      1.00      5217
